10
0.004791172000041115
10
0.012318587999834563
10
0.019870536000380527
10
0.024494568000081925
10
0.029281207999956677
10
0.04717931200008024
10
0.07158954800019274
10
0.0920386240001244
10
0.09186386799978209
10
0.07647643600030278
10
0.09442290000064531
10
0.11597091600051498
10
0.10134592799957318
10
0.08659065199994075
10
0.06368444000050659
10
0.08435798799982877
10
0.07975258399972518
10
0.08311716399985017
10
0.08300265199999558
10
0.07688969599963456
10
0.07691442399998777
10
0.08371241599990753
10
0.07034411999993609
10
0.06809801199975482
10
0.06067034399988188
10
0.06744895999974687
10
0.06630249599998933
10
0.06710611200003769
10
0.07568191600039427
